         108
   3.0000000000000000        3.0000000000000000        3.0000000000000000     
 Cu         0.00000         0.00000         0.00000
 Cu         0.50000         0.50000         0.00000
 Cu         1.00000         0.00000         0.00000
 Cu         1.50000         0.50000         0.00000
 Cu         2.00000         0.00000         0.00000
 Cu         2.50000         0.50000         0.00000
 Cu         0.00000         1.00000         0.00000
 Cu         0.50000         1.50000         0.00000
 Cu         1.00000         1.00000         0.00000
 Cu         1.50000         1.50000         0.00000
 Cu         2.00000         1.00000         0.00000
 Cu         2.50000         1.50000         0.00000
 Cu         0.00000         2.00000         0.00000
 Cu         0.50000         2.50000         0.00000
 Cu         1.00000         2.00000         0.00000
 Cu         1.50000         2.50000         0.00000
 Cu         2.00000         2.00000         0.00000
 Cu         2.50000         2.50000         0.00000
 Cu         0.50000         0.00000         0.50000
 Cu         0.00000         0.50000         0.50000
 Cu         1.50000         0.00000         0.50000
 Cu         1.00000         0.50000         0.50000
 Cu         2.50000         0.00000         0.50000
 Cu         2.00000         0.50000         0.50000
 Cu         0.50000         1.00000         0.50000
 Cu         0.00000         1.50000         0.50000
 Cu         1.50000         1.00000         0.50000
 Cu         1.00000         1.50000         0.50000
 Cu         2.50000         1.00000         0.50000
 Cu         2.00000         1.50000         0.50000
 Cu         0.50000         2.00000         0.50000
 Cu         0.00000         2.50000         0.50000
 Cu         1.50000         2.00000         0.50000
 Cu         1.00000         2.50000         0.50000
 Cu         2.50000         2.00000         0.50000
 Cu         2.00000         2.50000         0.50000
 Cu         0.00000         0.00000         1.00000
 Cu         0.50000         0.50000         1.00000
 Cu         1.00000         0.00000         1.00000
 Cu         1.50000         0.50000         1.00000
 Cu         2.00000         0.00000         1.00000
 Cu         2.50000         0.50000         1.00000
 Cu         0.00000         1.00000         1.00000
 Cu         0.50000         1.50000         1.00000
 Cu         1.00000         1.00000         1.00000
 Cu         1.50000         1.50000         1.00000
 Cu         2.00000         1.00000         1.00000
 Cu         2.50000         1.50000         1.00000
 Cu         0.00000         2.00000         1.00000
 Cu         0.50000         2.50000         1.00000
 Cu         1.00000         2.00000         1.00000
 Cu         1.50000         2.50000         1.00000
 Cu         2.00000         2.00000         1.00000
 Cu         2.50000         2.50000         1.00000
 Cu         0.50000         0.00000         1.50000
 Cu         0.00000         0.50000         1.50000
 Cu         1.50000         0.00000         1.50000
 Cu         1.00000         0.50000         1.50000
 Cu         2.50000         0.00000         1.50000
 Cu         2.00000         0.50000         1.50000
 Cu         0.50000         1.00000         1.50000
 Cu         0.00000         1.50000         1.50000
 Cu         1.50000         1.00000         1.50000
 Cu         1.00000         1.50000         1.50000
 Cu         2.50000         1.00000         1.50000
 Cu         2.00000         1.50000         1.50000
 Cu         0.50000         2.00000         1.50000
 Cu         0.00000         2.50000         1.50000
 Cu         1.50000         2.00000         1.50000
 Cu         1.00000         2.50000         1.50000
 Cu         2.50000         2.00000         1.50000
 Cu         2.00000         2.50000         1.50000
 Cu         0.00000         0.00000         2.00000
 Cu         0.50000         0.50000         2.00000
 Cu         1.00000         0.00000         2.00000
 Cu         1.50000         0.50000         2.00000
 Cu         2.00000         0.00000         2.00000
 Cu         2.50000         0.50000         2.00000
 Cu         0.00000         1.00000         2.00000
 Cu         0.50000         1.50000         2.00000
 Cu         1.00000         1.00000         2.00000
 Cu         1.50000         1.50000         2.00000
 Cu         2.00000         1.00000         2.00000
 Cu         2.50000         1.50000         2.00000
 Cu         0.00000         2.00000         2.00000
 Cu         0.50000         2.50000         2.00000
 Cu         1.00000         2.00000         2.00000
 Cu         1.50000         2.50000         2.00000
 Cu         2.00000         2.00000         2.00000
 Cu         2.50000         2.50000         2.00000
 Cu         0.50000         0.00000         2.50000
 Cu         0.00000         0.50000         2.50000
 Cu         1.50000         0.00000         2.50000
 Cu         1.00000         0.50000         2.50000
 Cu         2.50000         0.00000         2.50000
 Cu         2.00000         0.50000         2.50000
 Cu         0.50000         1.00000         2.50000
 Cu         0.00000         1.50000         2.50000
 Cu         1.50000         1.00000         2.50000
 Cu         1.00000         1.50000         2.50000
 Cu         2.50000         1.00000         2.50000
 Cu         2.00000         1.50000         2.50000
 Cu         0.50000         2.00000         2.50000
 Cu         0.00000         2.50000         2.50000
 Cu         1.50000         2.00000         2.50000
 Cu         1.00000         2.50000         2.50000
 Cu         2.50000         2.00000         2.50000
 Cu         2.00000         2.50000         2.50000
